33105
42565
30692
13707
20308
11120
46160
9712
17559
8507
30101
18093
16492
158
26328
27017
2881
24437
4786
17102
24723
7466
7639
29733
4681
1918
40720
43088
21437
39039
41369
114
22262
46778
21525
1768
30892
9174
22713
10752
33837
17994
11618
38100
37832
13832
31676
28610
15385
5074
24722
860
47260
19110
30690
41589
7529
25550
36031
46972
12328
15426
24220
36872
340
6089
24822
4434
30263
2224
3969
23180
25830
21562
8356
32055
32859
29990
1401
32833
9368
20408
5053
19726
3216
20051
37598
44741
25931
7973
12148
9018
6651
44400
46969
45800
23535
2277
13763
42193
