112691
13697
106356
112788
123732
125045
61366
70712
71912
91341
57459
57389
18539
163082
78763
103051
140796
151740
112475
99434
540
111878
122004
57873
61
64529
89039
147640
114973
5506
91165
43588
17561
156141
136845
110192
42509
70249
65263
69824
145741
163423
71873
135641
165008
53599
112478
112607
38267
53262
51834
163615
159718
146309
88144
65192
94888
57677
93753
127304
43702
86858
68566
153066
82385
54450
80897
126419
38890
155280
23853
23469
35466
123369
70533
104748
95880
55303
64123
24234
128065
72762
4358
93306
34864
144635
125962
21440
133626
159727
99558
16069
93609
208
87947
59551
5447
155902
15000
72636
