28713
8530
33138
7775
34408
26603
15808
8549
8328
21630
16550
2955
8031
9925
24705
26847
34166
23320
4728
30075
34065
13706
4986
1987
11860
19273
21925
34357
13511
24524
8200
30443
9407
32754
32798
15715
30965
5392
34587
4837
21554
20914
14224
31611
31099
33992
12078
8986
28693
22328
17776
31908
8535
12751
15560
13224
342
30819
4667
4437
4605
31843
21046
20713
8207
31388
4058
25094
22492
12402
4242
9786
25271
21585
23422
28669
7317
31000
20306
25301
7331
23542
34259
14153
20677
26947
16472
10379
1886
16479
6348
26574
1511
22225
10168
30585
10769
30812
29767
1134
