44155
65820
86937
14492
72452
50481
62556
1377
53182
47539
81744
43592
24551
19182
46159
27229
68353
3591
20967
60696
11137
64764
67651
27814
17489
77023
33505
72499
46642
85684
33401
18626
358
40092
27686
25169
18207
70880
45452
14923
49115
71702
30503
23264
26113
15097
24240
51355
50000
8638
42431
84007
14571
11136
52594
28732
61862
36269
18524
58858
65802
78203
34403
18427
2878
40573
52701
15474
63453
20974
77515
80377
40868
76178
72502
50589
81025
73863
7593
36188
343
36462
60763
11076
52608
59558
11214
4383
12152
47501
24685
78042
71399
37254
83110
49266
14142
44536
35078
63813
